630437 299188 
630442 299189 
630441 299186 
630411 301042 
630435 301041 
630442 301257 
630446 301256 
630439 301254 
630506 301108 
630539 301102 
630452 301256 
630918 298107 
630970 298025 
631645 298078 
633212 300235 
633098 300364 
633118 300436 
633121 300438 
633121 300443 
633146 300375 
633216 300259 
633326 300591 
633308 300577 
633353 300350 
633352 300347 
633341 300364 
633209 300237 
633199 300238 
633203 300250 
633199 300260 
633195 300271 
633193 300277 
633189 300289 
633169 300313 
633165 300318 
633165 300311 
633166 300300 
633178 300282 
633181 300273 
633187 300247 
633191 300231 
633211 300239 
633213 300245 
632945 300696 
634262 304367 
634260 304364 
634259 304365 
631607 301403 
633083 300392 
631194 301239 
633242 300291 
631300 301271 
633226 300089 
632952 300271 
632949 300270 
632948 300269 
632945 300268 
632943 300270 
632942 300274 
632941 300277 
632939 300279 
632938 300279 
632936 300277 
632936 300273 
632937 300268 
632938 300260 
632939 300255 
632947 300244 
632949 300242 
632950 300242 
632952 300242 
632960 300241 
632962 300239 
632963 300237 
632965 300234 
632967 300234 
632969 300234 
632970 300236 
632972 300238 
632974 300241 
632975 300244 
632976 300247 
632975 300251 
632975 300256 
632973 300262 
632973 300265 
632972 300267 
632971 300270 
632970 300275 
632970 300280 
632970 300284 
632969 300288 
632967 300290 
632973 300346 
632975 300345 
632977 300345 
632979 300343 
632981 300341 
632983 300339 
632985 300335 
632986 300332 
632988 300329 
632989 300326 
632989 300321 
632990 300316 
632990 300312 
632990 300307 
632989 300303 
632987 300298 
632985 300296 
632983 300295 
632981 300294 
632315 301315 
632494 301340 
633407 301976 
633406 301974 
633258 302052 
633345 302474 
632973 300284 
632978 300287 
632983 300285 
632985 300291 
633342 300361 
632933 300283 
632932 300319 
633219 300241 
633227 300228 
633241 300229 
633008 300652 
633211 300237 
633238 300308 
634263 304366 
635134 293485 
633241 300201 
633241 300185 
633230 300105 
633248 300350 
633253 300358 
633283 300385 
633291 300368 
633305 300355 
633312 300348 
633325 300362 
633254 300242 
633241 300292 
633204 300242 
633198 300238 
633192 300253 
633192 300250 
633203 300241 
633212 300243 
633239 300311 
633214 300258 
633239 300308 
633080 300320 
633055 300113 
633030 300778 
633033 300769 
633858 303385 
635449 291306 
633042 300618 
634177 305062 
634181 305063 
634188 305068 
634233 304611 
634236 304578 
634251 304480 
633149 300298 
631328 301286 
632769 300920 
633213 300234 
633211 300221 
633197 300215 
633195 300223 
633183 300242 
633176 300243 
633125 300341 
633061 300446 
633048 300482 
633076 300607 
633121 300457 
633119 300457 
633117 300445 
633115 300421 
633119 300417 
633134 300385 
633148 300373 
633173 300366 
633182 300347 
633191 300327 
633356 300372 
633329 300563 
633100 300323 
633100 300325 
633101 300326 
633102 300323 
633104 300317 
633104 300314 
633101 300312 
633103 300315 
633102 300312 
633101 300309 
633100 300310 
633102 300311 
633103 300309 
633104 300308 
633104 300305 
633105 300305 
633105 300310 
633107 300313 
633105 300312 
633106 300310 
633107 300309 
633109 300307 
633107 300306 
633108 300308 
633109 300311 
633111 300313 
633112 300312 
633112 300316 
633112 300318 
633111 300319 
633110 300320 
633109 300319 
633108 300317 
633107 300320 
633107 300322 
633106 300319 
633105 300319 
633103 300322 
633102 300328 
631569 299899 
631427 300003 
631367 300035 
630800 300731 
630756 300804 
634258 304367 
634257 304376 
634248 304390 
634213 304326 
634213 304330 
634223 304311 
634229 304319 
634231 304330 
634260 304362 
634261 304365 
633211 300255 
633208 300254 
633205 300252 
633204 300249 
633201 300238 
633198 300235 
633196 300237 
633242 300314 
633243 300316 
633245 300319 
633246 300322 
633244 300322 
633234 300327 
633236 300315 
630580 301118 
631324 301284 
631882 301461 
633236 300307 
633219 300233 
633217 300225 
633213 300223 
633201 300205 
633202 300198 
633088 300112 
633086 300111 
633136 300297 
633134 300315 
633131 300319 
633216 300251 
633219 300271 
633218 300298 
633221 300317 
633228 300322 
633232 300325 
633235 300314 
633233 300320 
633251 300356 
633236 300333 
633212 300237 
633207 300235 
633146 300333 
633141 300387 
633148 300383 
633149 300392 
632992 300686 
632995 300689 
632995 300691 
633258 300281 
636745 300374 
636746 300372 
636747 300382 
633170 300241 
633164 300257 
633160 300269 
633154 300289 
633131 300334 
633128 300338 
633103 300371 
633266 300802 
633212 300613 
633233 300333 
633193 300231 
633213 300232 
633234 300319 
632918 300740 
630751 301311 
633214 300261 
633217 300259 
633184 300241 
633003 300683 
632993 300684 
633176 300288 
633178 300284 
633208 300234 
633212 300256 
633213 300256 
633215 300257 
633214 300252 
633216 300258 
632980 300293 
632980 300291 
633182 300241 
633217 300255 
633205 300203 
632409 301342 
633008 300585 
633212 300259 
633218 300261 
633214 300254 
632844 300828 
632883 300787 
632143 301405 
632989 300327 
632976 300347 
632988 300626 
632997 300680 
633044 300492 
632995 300681 
633944 304357 
632995 300683 
633218 300269 
633226 300089 
633251 300657 
633356 300396 
632958 300272 
633228 300309 
633216 300254 
633060 300440 
633383 302431 
633354 302466 
632992 300685 
633105 300362 
633216 300261 
632991 300684 
632711 301035 
631230 301253 
633213 300251 
632985 300688 
633145 300449 
634260 304360 
634260 304362 
633214 300257 
632854 300819 
632241 300078 
631859 300972 
630970 299973 
631784 301485 
633215 300172 
633192 300195 
632391 301334 
632543 301304 
633076 300610 
631627 301421 
630696 301294 
632245 301360 
631551 301361 
632944 300699 
633255 300275 
633252 300313 
633235 300303 
633253 300313 
631240 301255 
632765 300926 
633217 300258 
635452 292038 
633119 300346 
633252 300237 
633254 300241 
633253 300241 
632994 300687 
633308 300352 
633191 300249 
633214 300249 
633213 300259 
632995 300686 
633026 300674 
633220 300256 
632077 301396 
633041 300207 
633054 300042 
633190 300331 
633080 300399 
633215 300254 
634237 304266 
634885 295370 
633807 298347 
633042 300618 
634230 304342 
634261 304363 
634162 305033 
632988 300686 
633214 300220 
633188 300188 
632788 300890 
633021 300549 
633233 300301 
633150 300296 
633179 300207 
632154 301406 
632194 301397 
632595 301239 
632879 300792 
633218 300264 
633108 300317 
633101 300327 
635067 293784 
633234 300307 
631016 300376 
632656 301142 
631325 301285 
633193 300194 
633253 300244 
633254 300239 
634262 304360 
633132 300329 
633196 300315 
631317 301281 
633173 300223 
633321 300299 
633187 300187 
633208 300236 
632603 301220 
633237 300312 
633237 300306 
633239 300308 
633258 300276 
633256 300278 
636745 300373 
633122 300345 
633213 300264 
633206 300240 
633212 300236 
632520 301325 
634163 297740 
633241 300317 
633236 300314 
631378 301308 
633239 300313 
632992 300682 
633071 300472 
633079 300428 
633072 300438 
633080 300428 
633257 300194 
630883 298160 
630898 298162 
630927 298086 
630941 298069 
630776 298332 
630962 298084 
631029 297917 
630968 298052 
630964 298041 
630918 298108 
630944 298089 
630960 298065 
630961 298058 
630975 298039 
630987 298029 
631001 298005 
631014 297988 
631030 297976 
631040 297949 
631038 297933 
630989 298191 
630964 298067 
630966 298067 
630985 298175 
630956 298060 
630992 298188 
630983 298204 
631690 298241 
631688 298248 
630660 298657 
631178 297969 
630948 298037 
630948 298036 
631461 298576 
630967 298051 
633180 300282 
631404 298506 
630951 298035 
630948 298033 
630974 298122 
630976 298132 
630990 298190 
630989 298191 
630995 298170 
630974 298120 
630923 299984 
630964 298069 
630942 298089 
630943 298088 
630969 298065 
630967 298067 
630966 298064 
630961 298059 
630965 298050 
630959 298034 
630958 298032 
630947 298034 
630945 298034 
631138 297775 
633129 300350 
633140 300391 
633231 300325 
633085 300127 
633086 300117 
633087 300113 
633089 300127 
633063 300053 
633063 300034 
633054 300031 
633071 300019 
630902 298329 
630919 298334 
630917 298335 
631115 298087 
631624 297763 
631623 297767 
631619 297757 
631618 297759 
631653 297523 
631654 297523 
631319 297751 
632029 297727 
632025 297744 
632022 297754 
630955 298080 
630942 298090 
630922 298097 
630932 298085 
630938 298078 
630947 298038 
630948 298035 
632876 294671 
632886 294654 
632867 294816 
632865 294818 
632866 294817 
632863 294814 
632864 294811 
632886 294762 
633229 300310 
633231 300313 
630987 298199 
631065 298060 
630989 298189 
630949 298034 
630948 298035 
631287 296630 
631288 296642 
631311 296692 
631312 296688 
631313 296688 
631300 296692 
631306 296691 
631305 296691 
631298 296690 
631313 296691 
631297 296663 
631303 296693 
631301 296683 
631312 296685 
631309 296691 
631312 296690 
631303 296685 
631312 296694 
631375 296616 
631311 296692 
631314 296694 
631299 296688 
631311 296698 
631312 296698 
630887 298343 
630890 298218 
630876 298161 
630866 298169 
630834 298157 
630826 298230 
630833 298268 
630822 298325 
631030 297918 
630887 298343 
630822 298325 
630958 298033 
630748 298294 
630746 298292 
630963 298065 
630942 297105 
630880 297139 
686545 275421 
689063 270202 
688162 273244 
688156 273226 
686550 275417 
686547 275423 
685186 275259 
684820 274483 
683797 274662 
684364 275030 
684341 274952 
684215 274274 
684217 274270 
684371 275103 
684333 274904 
683518 275451 
683513 275142 
683514 275118 
684019 274342 
684011 274349 
683865 274444 
683797 274660 
697827 270095 
697835 269979 
687523 276596 
692928 280678 
635557 290235 
635558 290235 
633002 293906 
632996 293910 
640845 282960 
638809 284354 
637407 286907 
639917 283242 
641483 282339 
641484 282341 
641485 282339 
641486 282340 
641493 282349 
641316 284050 
641318 284061 
641311 284049 
641431 282343 
641430 282345 
641430 282350 
641428 282348 
641394 282771 
641374 282776 
641381 282814 
641377 282870 
641377 282867 
641380 282862 
641393 282858 
641350 282741 
641377 282863 
641376 282860 
630951 296120 
630952 296119 
631184 296180 
631201 296289 
630940 296121 
630944 296127 
630943 296140 
630942 296116 
630940 296116 
631604 294953 
630941 296117 
630940 296119 
631152 296153 
631185 296483 
631185 296481 
631186 296480 
634959 290494 
634654 290457 
635398 289443 
632775 293186 
632781 293242 
632783 293259 
632784 293261 
632973 293826 
632966 293841 
632969 293838 
632765 293127 
635678 285423 
631768 294370 
631779 294357 
631770 294357 
631768 294354 
631766 294359 
632692 292429 
632473 292653 
632470 292653 
631966 293375 
632340 292371 
632339 292372 
632339 292378 
632344 292371 
632336 292388 
631796 292024 
632354 292385 
632361 292401 
632340 292380 
632389 292509 
632327 292824 
632410 292181 
632411 292183 
632339 292381 
632402 292518 
632338 292378 
631974 293394 
632341 292378 
632337 292377 
632339 292363 
632338 292383 
632339 292374 
632341 292368 
632337 292381 
632338 292388 
631421 290747 
631395 290719 
631424 290746 
631422 290748 
631351 289957 
631352 289956 
631352 289955 
631055 290337 
631387 302945 
